10136276969091206118690517750701510008134729447412026633135321995822142466899879920496943024047251031373410655161880293766747250105775996096003006860565685426207725699406038997546602269391423743912523968558035443485793348476093327455184384657954963889206458407492928094144440435222798777864241739551093253190525944074871713872596621590528000000000000000000000
10949848278329433664593932576565913576859037839023664564419135736572611947871502193990799742568634234656096597146195624849519782825395454013080798411867918714264420489779780140299233171432824924153554057547227633439750068633600000000000000
1091805360059386475148949225158230548395902021121051628884092546087736703464056370742827795120528310068989791244226221206094490155024698706935029379264675407527509439440785911735838053127011306733363885624218471540128217671264318134762761639220101413922225230288620656383247332895854834183877109377257721712089740144801084961007472025195235425487953734535961686193628224885778022400000000000000000000
1757483166872182757193387090701777149827242293241340053247240407282606400
72261861808708377072709434844505362444575383210775797820894336239495794992087593810028496626608370430992824140326061906092608111226593728202563978933718102861670083786777861956832251280790579502583960907943745796792253154974052450374798637507116080358600519736085316141236057143513616431273132180089664784635361575599401512445441717340031878183643116063836454241328790555852800000000000000
479991346495671911584911736371556154720176622004262883964625039758088218525324987402222223067034333028468903908809513182088935171013755996057068892224853882468670967905854950401732248609112552443478016000000000000
47515418744091596380420849286627796085467022757977504038575046842042806474256256525719998999072740020464884281999577746683063173120000000000000
22668938528407263409797145775476082135389090525139520811504373157088691577121439596548510240174161104780093346550084511224241974018771124036665531213931057468423161003416970437579571294404235970201521215613896672582536190220114409406313841388487437555785339258398384223035164558669305288323063711914815135725229882197820318608922819829889059223418155929021738954726437372033988218253967689123370247765628704384817804416647168000000000000000000000000
6014235990124875805107689925583782627496544648209922163159724982293385103151621111321427995753553932375070403999425189891741524712927209996350989702630302354130884955373440792322453941474790586079656616454469953256426859790363815428947189079133511273676800000000000000000000000
218301415058367368788063338831692624593977408801616655042811017937081700597071846288911543876337702827037908170025191835113663300032715469699889600921600000000000
352562850900252134243130755941502531912013549240390766616033468161049879498883784618554292091898078095381199176635474924927085225152080432349209578302033317169469782847992271602190183249604594530365070554951032630994863864449500545898765074594530579551249994206097059480969104139997706827777657389604998749668867035920611074639807263068143035685294039107920462906499091643035731481765039779593204818296283594752000000000000000000000000000
2621463753418973510500626300
615579956330669952158632766975016208504569541477516839396113562922801166152739165661190880981632222898460641470353802970102970133777034008954503055286630508134400000000
5932951881192013046089448041316510224922563796848787444429494096259941163112776540540101937844767752154364659769379023482789258085484360007987208885473156997812974674672990163787395177012422653625369370132846038852979315210054404798704448961276075973116064065112847385634642853397139193685802705882704796764407499705109074017621682103164702203474933290590622969063119257600000000000000000
2348607010961534600307665616285692341120571399109879470137242360651980283385111633582080
2075179680000
250767435094476963414994216906741851950474679371540826726584623656585199955115791913136040920207506819638071713799727918105426332467951899384869553839503030712475957329657381883972776031831826371830340983101981441363469170590235105439896901974859865395395084901133663927971809547497315005386569282022737909384445432823067824713326843407496924313338267182478939883676234258841600000000000000000000000
22638
1216687602588477587947655084427381524221368125303363397120000
3540016897974223159669922522079384214849950995106790216229381746424377389924350746674208701098293948723934079864515671158815802742479774304344546437568711737882698099415155864670909705526962322448341261860787006839798222349518604299522460900341788246431574158745983851180515133753597022593087826129602771505854474950030888510220897333570895915262367973688155321629319872695532345474966972271830787881485467648000000000000000000000
16325716781356052551961802415733649238150741014398615939311439110317209604876696840755501195869661502886460040003901307559603999866880000000
795828311040284087580068322484062453150491994074934560073705344134263470287025716133177240434485270895693572293472868086052377229946101213456565096694902020096255076057871011404126631196712186675200000000000
523671362255989669099025142882622828322031139844156939455078008432941112319485830807000466662560602496198515290636546620784640000
38796537060022801860392205541788192934429414895322489163723813640749137639828759852458760107006545671255226140930348020405635551731416845541552661420950523018962005379404345897400626385759949864880908915206285066279421847694559767965749121223138238916107606624644957490457700354504761686977340959223124562007071718007453855095644372913680873885566643635967377176355821880928509951132664643521616478616551047566976818159288320000000000000000000000
1688259768655167337721113982650917219781478282607347693729398391040587101735789267591681635353216368695168982667535667684921414969849260441857940636627483974414610700960208540112302918836473642653772838241689684976988171564348570145387766654492777406131788190625094098843033203375298546570234038393149795861624985924356360967777333568879103224873014365425109274779722596014518659761708012227520897876134585424084830838063104000000000000000000000000000
316894668219669216841239863896086682310442647393766880651950186743295161281140518955615097987985893088512222139345143542060969939669960303166377643075356010298953305535915772046214926622286481402690842767195670652771392601094848681134457486253911915550087051460516398065609042764481416315029588895620448376593983016333553025380921058725994026970668139944128380895598531399904514452089961356949276255095469294630697292404997205524480000000000000000000000000
1748643913398558186563689614423099769461907671383810412111850011109003527986343166972237830039295766200548188312935746797083545063103104388892856264495795575503902903797898491591825855243159649967985125753438078476832116933563187913427083006892278608087618466162964535367656610839017975497076776370310431854746875874568193832340377439713937296257617032908516633482316429128548911897640960000000000000000000000
1253025885725703447201562321805136193305841892570631749862955739617676258715548583870628757060543289132830690324750051940873742854826448297685210767799874108784640000000
18420985676624244966727925846417114018606750039577841414097663298916768563847201678528834079081842352876679984930978683834639580588226377550253180910508834464187269481278858977336254539144096094218019830099502915560640545405060259205954046586065213634833556638731272100009164227813064697134938351595823636322620514626845508199005950260019200000000000000000000
410157094450849262341150885716510821065577921739366611613131499206795463861473012704471802739551022266821295998290154907267795916172835414494216608096579729463340393203203480638662551103941785854172281702909770206320387627875382630886642427643964375476833655708514999836937452266819990125494506784370707816043999453382596015826134857281375371016956863325393600223854066663424000000000000000000000
601194255755288626650674161830323243990425181325917774649568537148716790796218871598580895632614269652479212623929716582198133649176743824566652413149184000000000
319568152662331041861183947143864835100791651517295118620895256897176127738431964338743163954024061731110504868350013457671191510093831012332607347861849036320770232940786329708839278662411437097088742083085113066160348064360394579484322936712492473689865144551909249355243552332373743455498043401350299564623436296687932037810173233838233395488221228492931494828394131362175267853749371553144395193116071559168000000000000000000000000
15205591264140358129774526237531504006213691514809975231013521249440897779286247078299807358508634476776729026788559259796451844537685235630772293365716707661545353263203670934746562560000000
114802011293906466867020816649924131263299510864259390034216104710298125100800966919527985800522132298954521601633452897440551535033441309243921094339847957600972441195575994904876081141106070878776201576314589499117956861367468382176815724403856011475490565303027630989730410332200658368717596219121266233884372837215931963388085781557474754560000000000000000000
149238821927478357435900
444084829644190411725431486152423401050303807108637083277268673808941334156510029671805060186749405672473297100014764192146892667229221447528497186887078518291726269350303461112392695141140898604327130819635953894388141003958749677820105732662037249232396228912556769843507337988561526630478568913478102776235669379221821552403235408852958451466468831455189401600000000000000000000000
2413385733470577590678992732696332285614732840272651145854194498784023674880324783022651533917875845120000000000
64502
3328445736
44590598509456431447680701161472937832650129228067027355337507942475951266517467668242691659079680000000000
377788786441840145320535023981772519233531426969721125317111393615917716530454798770440802687512153672885267956659473014490847027808771349295862668169191878528051057298347888181320150090077895535914855192730796032000000000000000000
3073466574707444754832106836268101390616118597009564794193272061748104089874144000
33799313501805885013266273666791697667497120225587860117061152779840836102012610414062373135888587093816634513966422432395734642502174015480367333252042461335786511056370234478431440137339496573773710448078568087448938764158914701623772491210747994420695330757137382012732087678228884776332761367039953002188484876163432862595988779492777843918924980926185963173040404160987120517112659968000000000000000000000000000000000
8195540510846265990758498373785633119284455253491209047519536147119175434990080000000000
25957735913283419273474659301088
4440335286006015198988172843728623327382376803924527115919422082593983055603605893698724684448183921997108424205460891189385625600000000
378819459820785084892524912899986912348115924345509548727801202524195596208906339159026718816744704785352205675606545861064279890354904560583245425552322694180673094439380646699099673223864691360735303701401293829201808635252113323246436678458536805291968501468372479794780311850555133486109575683390377846963204951822924038031237087099741888645239852698524072033488532168876874454352002412945030645468044516235673600000000000000000000000000
517363547064424296118954016394119986780581990500676160972074379200005592826284824129353336937761975271256962617631625565361372160000000
-22338
2681533530490669238899793473098530825096943968514850599053671056048875415316969714389678933112240636190329511304872204489055839789380224487495076454792204385348747534188191543939204428292475137560463601070320066843729320118896937025033982635990716277780733832069486730822391346513513217841762801610926053144469038027409862946052618484139286709242497067893163082311149122584191581203730059602427904000000000000000000000000
5159091408810895619125373535806971996263138151104231179941094686570640769875429139800737406503723849980764887192909416011006777232451944901824054612510989874584000580603518253328860057003343548276829249272470318051102737625299184373242498635530240000000000000
143401548955665
13554696346612340224085624169617984214943445934136690003275291925360227562575149452229093406824169493886124537826923787917025361171832811428011829733770199362087854887103326113233308701854209458120796759627089060861212389211474860287997215416563928776741451239729011829837437108155514703297947904488857464644711069135117769151669851914240000000000000000000000000000
234419770440456646720898589468612005294501650337539204167634106483123497688256731289238343942153834371204311300474589156429603018567080489869721607432810884704969718585158929561753241377868034391820874583819960706643411546931200000000
12794323565731662102584884552356613568086155179678139767592191135878564161432069937816057982322087450781959303528078011495411477408604303635212354684861808640000000
10662973738806369134626834204828185910529128873552867671355078629945012945307927610068678409940287174565476004116000635755681665885913281986560000
612946154613635771572027969420291974779334220069311850988236854813948741447051959405615599075219519209680235443155106359415082461523007552839076880771586129949568068887135334523671214186588298353045163201718756900437949996459052857586931891703529108862207366835762790933183151450505100049939652201148138117715294618511069711517546262162520236963164424988614098221650587051179757745021276023393209560815828570053017600000000000000000000000
36347220166170710084602271159870830425649419717498980534071130930517213657233992677238266192683645780355345063714955372313158994355165433877424969586179555593237384610628775674979888985556099810242459735016422534329401344000000000000
37353463315844610981260661414173311968857915072196148598547301426622730839694672695275468188541799630153510354947334062038272964964111920405026608373520157568199235039955814097204665081515660275043494585080243588502109485986895637844013203962792775650434276613160960000000000000000000
180943461639722961460473700294555879713453246008688223288824983735402311269428341331586943673813062449309115764807075038062319440064842653983284624523843510545913489705196794075028988772164343995115263008008319451866511692099569922478826452487056087178009426207762578626677607406403819277991872671344983834348588759754585637069233052684583016857600000000000000000
-66787
2037514584897130167781143739630825480955301431144309627529278061275334053413294299543574941711054366223997337600
241902506239990200
431341290426564198526014596368247823530420658177580431909819541531030226851228489547070633518831288101824650017679438166265283622763589502733222699466434543528673387535256362737339918377099839607510823916664896469450834229985078326572774860306596128358400000000000000
21059519668448107274105205017421227511815898581990144732288634349149707090000426819501123633818763615884967581581312000
143017722373375452661910679745554002367959580842741760000
399345571392954043462738995624914252965535376919595027149366367342483611789153712704530265266800156996004504841321210775707555916525659903074329731516263758386763027002310534481345740330781306874111167525156791096776065734030807442640942224791088732496021516674310307605950442807739597666029494310787390291872689852559515483081287083466680573902087499367121815123968150495576966973514972833805087434895420878883663277719552000000000000000000000
2559012680986476637636110881834262937107361584233525483663581440
8346595232211741090931643130501586649402476945351745877960069876778961933709600555969363540956662759593628611330863529763598744813568000000000
1227145541391106513732647998345609975827160012925078382999670666070178177222411572263332645670690483792118638215346769667061700861986529620923469030074839740768373964800000000
20790980200958730975502559483382606884991827425686702580098265307978946057004307252394900351823909678313988548889958134069355555825553816904466502995715716329958471424651003985471721520871851898590794577197780231826335304363686259193090348981074834285546347953349006757615829276057107629085989737667211104200536354102565415157760000000000000000000000000000000
1141119195526243947257244000
43397791728904919193635636175032693413807493469708923762935924623640738624322985898199213381620742010537711770732576000017699575642206078235378199691316593211019659609957728256000000000
1404410548974056485136885389971911953212105688161823631621581830838652350096928255191898097641543952882602924877325890859331817468091292272648365613545783529123947762856717301221032737674398225976710728691111497511425267227353606952532676133365808936770043062332534431301350315603613919035178831666079820468020049676981279023721074801974326344156720022998056383283200000000000000000
11008449591340810454880581949290177434150640605754775405129973708790899465761871355474222001874081903530428266883784180978956373719414771931295997725125952799511684814878170122018716228412102520405625085928081713288043321505854048681992576007818519194343944325988763762144098573876461839604726497406076024485803400749101035139369944913186218656599375852576597201722819485615035001077760000000000000000000000000
98619620843806544040895716203542437176842786666449961081592650826670173828852819173512061541007360000
17828340188213670083639496758444401759306795718097611581097786805704784239952428836184720839383114719790582692269402046747843932940574962701860628070400000000000
3890865113199089996272698943157932552263629413931165569614862242372116663570029869258315537531110109091335328509469316972652260297276009239019520000
1485621351151990145242758752678890465544864270946537128142021864671786274737144751154649289202668491707931082555990984016154518915360100905668816454302138500091287708966683473956898789682348891880302975139497071564367274013930251354112000000000
77581320091097907118018625652075308599144898168834217012123763607046353973098637926940472819944684400619005509233091398390283618585579531821323065154768828093471687919471161103815735517096339641149727298301374493571461244373874996264069457315157743301897244188947559426242525660803765804453169327752679888604804059056046080000000000000000000000
349520554879822052746374693367461849382550999633643598075421436068314728228620855091203586168643347123911566151408378420390950698737878115911063919264530160947200000000
5598992305746510997705823067602980868930317612168520358448870264780229140012596722321755719141357291938633753402053536227537980005977161542313140353674747820531718218761687366270409466632844363216595121633559204201920484887073890624082399607023014432641631817688948585194324817129508580638675728913242521600000000000000000000
7116786730178157049808649725946259292028654347323133699654592319459837559904292435968000
99680284521231645757871959202583425160576
9313982125429355429792378280824088711995522943652647203368944322077663535443133978270265939834424288995671256659583575520834280008842695599433184068771089442412435268074871157328290203184173717921482129688323316780118326811654880303576637101057736041616723594958611795452014321160218777689075023711464381760383504720198521228071027084571443200000000000000000000
89241233578329299222084840001908165311625972206866214634831680289976444609466974042510157287626110819898208199309590945171730234519589820699346946912413572473397016505501534005121228623829431240512014621106196233394229707644170546118397819977473622001716088393734079211317747744898152970537660494715916758424352339648577861279431524256029865983554817661835830748695011076211725219247475916800000000000000000000000
1415328879399543031224588236261470096479597328073263202429996673440218307054143972335488329355542306466695973742263990034883169315101852446877931648189109168627083556626648840787240123347202164609801036757832040448000000000000000000000
14905471372909133930164360446799499825612200382719984066366294719139316711503615401814870878110346275298131575174877744899848519236844622897470309703680000000000000000
3953319350822258171608840251732667537084417245306983010090683156375548539674120734952076642339015321019843735139678266980754155110400000
1718314037256371249150536648003231638551846095758449301143759150489789094027167710711155272946487564666809980411027910493282110592339879042604083017057142374225936384000000000000000
271487464247830592835696592693475550454839490864298211244647945912181898835680584357179625424742514294782913664870723970357756887557970939693279332090123269911550003778238384926552003921262621491200000000000000
6784716368983608103446223935341867775325863550781256469853419083514630753154416048149623961305811522328640537012430329544316286293063951490672978959787645104621612446586605749092312032737986617413613665917353666935729916003350529247330509939064900145212549736913960960000000000000000000
146678791231243225834342512645113151268266842939362680337993382293001583564282272366536589974117807559227202426032761771343295020497531219689524983010239302237080362813494549766666577185600167074834278691780143383477570023389352434910713834083388628933834859140917240906471297826089179058687948866154048150042475502376883591115578624111938138663477325138361715727118680044815932622682930060437523305200162467006446553943010338406400000000000000000000000000
33142713205873389414504663031410405869795105950265763840
46269930375458890131846609484538430087705204787907471567314046224355952729477243541482185272360069870646641808298491293092364262869119677271502248034156877035106318808861375810747025336558157720079309461626764621952205052226372973804670771981290600531300656306568069152627814465181427614730380119365793742981329103681185317766865477219624065789842231513590005760000000000000000
294602719224494296333343117373299132117848901461146898038750003992088228915949636283019539608378830922215500496112442887067672436593489348188409372170068579026286549767077839094098221464680595504079047752253660200960000000000
14506480551618854515300437510656117210453734491204417266773238594041253486130799259286410483990592387820565655852594071020758076279786692954963744693583688733375168519595633777940255861345498010164299963413454035752622295713536214662195457202290863020043189131903291499853322845317848377097782490365103527763335550955417651541291098324636848550313984000000000000000000000000000000000000000000
673663841694673207222630396053311508376250622472659792936973038274412625967797355977645305942425707247670755910311291971451426846817085687412878204336770428507752346432801618761663240593720336602032855729976092088537687823875778151125519077442328095560590534393639705869631364026053615295875364732488735450848986446179764333143323839317983916862937328558730303257971329991401848052862666407936000000000000000000000000000000
2101850868564165959311942310264829212781813230899786238971467652055408090917506501157033040380937538162770239609959907356989615130194125724409129592137715878071669871045209562808320000000
17268965699681795769436062443431863602957911984354217671298277964479239173551977263073327908278519483520566113579889663235045829518049875701264681800595786610808347050496148888137793171093249811922112489860663951895972295198873601626737483599411227443027422111435063296000000000000000
1378243948918198767461907921315445042536396257589972361888194737621534285720470736775602175061968868022251222854830260915227744663153836903199690687894109185638400000000
38498029392837119433863023340656319768285622589084654068988950917273607775929434946748748350829512686135579738461971600021014630752587874304000
109980123740681816299517200415739950808944970887662943294209480762466138931034044277860711414071811705406652804655058711745777764238415843779768049313090428904943255011717034054042744356524048207557104789998873314518374895066509433730311117985668510245365445497706683216117963143127849244819456000000
50531617316495344331954021748424776246492893888401286483824107905367491661164625331816831088853268222589740197463525386625995111844220218896983336818009091053691845627484496199680000000000000
60931154119741992046750597659979639108960156704678706990945656275333912367591862339509906504311127365412327295190361271578594673477663142641236566400555538633288883401459235813440074747420792367176533410931528829585376675939637277526352987914200766217139669116477039281545060714580564763765327286830628864000000000000000
2071230404211374116149512399333222105293204543169265351676123533239997357092012613197893032355085370466286455387201762821293345882505216000000
1212314708265029111432995538383054406726993994561594133934017402717478193910495423349414157530205168273914915868766857155542870300819205961151434677413070910377452837364126304376929315774398126315396358958202239770157047089127393590470884599395674800158604149541591379345408000000000000000000000
729287683100315068194814775562625096404190822400
6178363614886553728897120081803951828420293474975280902917397315244506542814684186286785796878959989646216396800000000
1497647402170898679185763286476753794620065525097312588748401251157895180592806992411091387982091560366261287179226409775938839948363509137194800315933752583691280769326971342204037234791690864494153946191394574282181682139013802233772385576585392177539980165690598296009524489492427151692371902998355638098535269859636821147680147291633095803188448612954655500009472000000000000000000000000000000
5737866486699741229879270839532741272847266270337075053065091484757176170321927160648208156131308096881509893054898190318277380599042376213580549965267815461473261483715516125136578595091498267612350462566965004818261211493185035981628402087560937772225575329279649006680718499892909115800800092467959274907704408677357348873830400000000000
517743608510551552859632309580439542337339002161235401854109594916959702888130820907279394801658586597387508174348584734915805449440338328968259862333210020914985743283235321906840207360000000000000000
2245157336539550464175191422210811553721783412966181636782293675363505672840834901339690025093968532991984450759527088556174776640358291674345234282778962438148926142960564081735837138045785318096547475124572950309405546260271100382479176339199849342958922138063155827454192669745185249227985051672853349396951689755354503818667447836545119535089406567228858404352987217032753676636076527634738053120000000000000000000000
97751646366960225132699219537775368264831287652150242770361574075725774392131521221589730020319997222217793824537467331628609130910369050663826077315235813201756026625376521148412656778456253492212311554128300148420313218557327441920000000000000000000
100168669119620332986251842471288621275129503449827666997862629592747084075020734680542487771351479518720000000
5172500964677860988832714051984639452178813315662046287817313639014505057226882722497342578456605815060480679536028422949130735527663384690632936818605723908034699134014376363734862295743124971985211511726945539510431520027352660815858500968829158794162384927964855584682485584402275911115615686641614519512177049600000000000000000
160053845815685117856186472052147608576487402108440034840387759090469046446799637078451608480954705286450252350029824000000
3586766898078159139111817422124591372523198640319150094185129566567058841878342717665497390505741999830763447862231824800177621851078019549876758301937408740652070394814628017131336853111294352158350528206709596583412675721740419072000000000000
6760559196813213065562596555495262299633155445773475221816946446009498222620013053052952043191318087557380196120451354196334997145691774096482161576182546625873791603113407603454992000586068331996459136905426964716249123861039152255907051783009135293943002040310431744000000000000000
129484933706526192950132720717174987463363354504804112559754662178257751414911627904503758298171324173222870279964177011707627600809668356823535865483202324729617853053182515483482190917753153797144957845329772231638437068800000000000000
108969542719290
3183848649444462572892846159671767658162198296544986992518907891412536341456631872287949465980013015988437910000405904033355709663637627284312684697787955823041580588358146349029747527497938942539731414476083568351641600000000000000
2794276557927360167284666099481279988248659987723428421212516705610109251553747209288443187025346494066688000
8944340748549952496237473869419998525798501569401673220825566626566834133087340697568908327346308381118485999944768106015439942469586123089481963376320707794275526968862962240250732938552416907857191568019334273547790898480832513085466098140575211809189603011204340966499291846348568142788622444250037002593290420224000000000000000000
237135972448246507560743307042296480205795754716319688777620626118593752574456330929341048058453381087052121285470702000812329997453314362715932814347388207542205521800855676724721707506067481773002197846002758464037187130733517729391046676875745548111655917011420238717377189540940203694450225371152437080223091716015830036523187583333862943219117895879084070406113510790603469749733355266506752000000000000000000000000000000
531766985207664319748539361435139574386357703565589826475870670451771127449330640600316842594271767074607171989263618568051369590033034631334206061452937692824886955778100175037551667686124636153980027202240984393008939745304514662198697818849280000000000000
26540553484011638819525913391302223988933694764075015387938518531799610299918251972104543279942111385607922759600687583663626482184934500468664971274298471065553757034776590598083360840708420199654280209087891645726201850382124166862646092501843265974083338076900315876444821089659406576734536939013593211032287605195653563967078400000000000000000000000000
858534378706724905707817363839687717906990521283735789034767891818026993310774742684851943783583835128224706321489424240739857959408602940678716901902095017422280648194276662674841821914137887300790465373270959844701333273453160038400000000000000
38994973594670607092794807333188115170870339960468073580578188212832814814346395268604365431542080556106746333157945692267745723779421910339885955731545356040316032012429931866740529180688635468274498384780400989094177583776797249280846635541873682340158023009718357735938723481864626412340699210757998556347755675807827639317647255043162287102287228978485020965586837537424656725030419046330626044067840000000000000000000000000
604914148211533075040514328128893141725098461848519270324096593392983621212684032149958999803002322557144024529488424554179276624694758476779097423759362194283277479761077994824460919792532979712000000000000000
46137941380078040451940547867286821418156111152164758815091434736637477993780785759681687131738046154761406777542194168587047537852566947921335890029763068975499162642817744829140737993776969049665670554421022164960990988010324046332114930292652423210357060288091387933900258786835524359610384728818149086559642974729773888358208985332328113645314996005719848529264971666339683564819903938560000000000000000000000000000000
11994941252415397979173985320090052688297918670814922670020501209894999495271247692633299607780220179483982615855430396012258304750279767537171437309649779905002204788434769186410618699694178657476029095298897342780328043775929767857172616686003438711311100280832000000000000000
55750964593824366945946391714211274048184951632400861267639197016459673600
15558986372395791291668387365872872499790723023210973866692400907535553605010881239982551193829624665633712797019555007089324126587597667408437707787128007221412162873128322876274672515013631839350004673782251583189200992390181789187377725440000000000000
57845149466850
364478488770460522977169506178855753940081761459057603238963906820597098537126610260220679774668861201996496112657671110631161737544722195939768298593900096787859405566332682723762713764228345766970778441820843101705324863458351475760585506386634011423649883445517895566903442084976152907989658546822749755136407989304438029471793554321675936937333227369994934030731774749351159509254515195904000000000000000000000
1902293150127609871784118978395217839164369056107112254904834211726960683307585773879308649603274750451278758514700211955363932676840568634635488698732222982156463996720382286015004064660206417910324244609062059631301361664000000000000000
12324195618078853083941257174368453519391255670202200438299654271519319766143814548969641370771376127099707088236340289183997617657534289885384614408072862537262243048022517295488381630908183782770690012519388723350981793193062905859726930452012716190628481317523992910110958551040000000000000000000000
42376237163204068264907825463105949921823031994181224584273168308499108267864969045822972025330657881711146380636814013150199319773046155323660578345952451052519327728551668258553159522413791150080000000000000000
3385051130
3499408435206270454684047362437474431493478862328492539923546969946899874799563784987688083015328980366429990551412589221244009135257654245236218042005786196579875301623019775217992702745825374607557707585585856072004733769782171654772731604176593785460906929288981006036266956791462516519960948043321052864979271205930133772440184252263494111671091200000000000000000
3459209914135690859014426905092039449742838497772280663550602369661015047843194559802792518788412040469331244106693883677143040000
55991646387769063052166753300377391304759378687501242336677977122325576279794703907830901680237744017336492148081211977856311219108298239715221992399074286571680878975326180439355749203478741969817615131622923609094238977140346004076820214887728205128865727802358307825731440800669341057024000000000000000000
889914947533882213522088631961674692288797541648125666833892474551936327299753896196902210107804706502424904679992967666587321371248992534264002464621138240130537591652135430048589576978924764331780422969048881891705596106770481994154561895947782875613090158345169069121085303824291704340480000000000000
305181736539648
1562798453869376698261310495990217116465328000000
154558092525823636739102708368622090924031112042829572176207488120129035867877295286652928000000
180198297986878031358352196864875182731341309956953692495472167164392259506455814742852332485572217764325292934777616976576265917767107457610323517767680000000000
210142502639378016056854163513698685752603285402775577651809261111613402221929969899336707260602581840335080042176819483482521600
21031886804077535741013871878415710169363259857772618043524581731191761872855457105687377087257877843384729600000000
2038261933101430778978469718185702724548254319158692043360832660010467636376979498334450516525205153078424195417922736772749513461910398540904999173648538352743905436068261098522117325570076391598106445665018097878600698582300707518232928137162662878681164157376949321457549109340943731693073956114477875200000000000000000000000
16803715783305059862936509158879835609347391129923083517447738434522416102031344325475022268624203780285942909999243265392959177730645655032283080802447654912000000000000
1833475861459653242788893545696927105180110869382776010316316489131690995634457261475844138842759332572895932943419762734686513813672294364918700415694520122740888152957114398373681958997688315443878754323532451279633213212888355048310678576171582234876764246950992682030202880000000000000
1207890653645296468638197651384845630740605244014800634584191340425239605089628468812098794575570912876093851213196027069067294908320892505460251329922704181696738459412518673605911855345596067254779303157738418801969702936145260817554528684072272163653285598825095314277656725614382422828924293239131384877976468281927684362909023166771018910100367418979768643159750241954156365880951408761072514186671554560000000000000000000000000
407119726598441344328914560328974675379200000
171738395798463508534530495100741937559935344621218481085289482887074212008105840715572080468086730627666252388048262637432178255720359018887557213851068748848126695274565476963639454306614992700036074842462839919020478443036737634787234638739160375058605345667961545276430609814295905984800688809109546692018657794942344320251673529088838532656821150581312773938526919065600000000000000000
39578452198064441563632282138882525148246860527964111225029762641672062948966067339660903261732954968756751358558053043020906299332901957663681675264000000000
269333362873565428707602308995228
24922248541759576714356776556557768040247108800
517667092965738676602639689411244251227001020725650581634616044884246305508463060469009238699985320610655331297811743179721353605453113739004643887792341896749922209630648116120034284356364534808576000000
4221669666510477613411494401939888177394366240490735695919992247003936685019126769409412945801039806841591526551217438591679968227220247818008512771485682983419340008457540019571404440959953180467008638226375342706065309583305215190391474479227159759034670371623307158845348798340297750667694603350169603518128913629922234759287577065225603291002312869623763049840471533290272944291840000000000
12863851244789202082040
4503744002819771856120907066226697641931535273667673450765240660735931321815905552140076105638530293207780638582915476776932320467939477948907045592894210303783462181521279510503263347386584792370980131711295579750400000000000
6449329184366452617023643894394995688333760537549187018677431022723705088000000
9566659987933193270086734712030128178556626316923612549608343717298342614592068934154484604160000
22507217013182977436536917503416853293000704148848286540884332154794528685304772688352059968818810411477788794865178254017132170703914807063034303657869854188501802000160069059856161982826562790714220291623172508413008357581577448239864927659442199001063648503409013370265918938112863719253498243033048999914701290259811925984324616192000000000000000000
1482451191920675551294309843541340088516974536219951749929328805829079193859268457009530963493536282419561282127963262847093619298924358043507527046255776252546178538040476614383207228219853411200895674341487498546827618285714522477970714686483342320064451603319137387014107722360090802492679409549231047343756396025384770994176000000000000000000000
16162662360222208745589185581001606921960989332876451273625309120614329533681276821295634773118785038500629410900650146432858837246737455179254013342116910233065885680383189297674593912333331650647501562292217143946093830730476091740319393464097606853776751707444238446175485696364300929858359263232000000000000000000000
24586812315752332286942018998005620533898138791598033825327609050912861786496199464554566803140112267957785067520000000
7813883084106320461126858601290579975842992818051000317742609706763651331559180199920156708322410496000
112603230665525668547698999358400
45056632535901671446260860305600406180529270343653224666232905024824250367885074731503444619401373080122729405065108616978619396903291214014632364605674766533119221780600937683322989218360991007432684880242864624531242293690271960760280002602170187538687481075782951568416359380486764413310729995757512301140366975992390867971286939492257863505520057317851136000000000000000000
444883497857022034113793254445066988600264883004892630228350283693027909698941753708484033019444666575197718858867647612097347421656511784304524194560623485961228987469652898620751517156022329534300482846078089559022073826402892869081507983705649054633286976612607160522791895926046720000000000000
2193254988213307376962676508804704751075316538434989558199639889613518237313137626974591949515687619736418129225317896364573299906079611394408537005899891557804992571491235803278456732101731126008702979270324751260462603943018013330176770097143183000221643047136379647439506569293138609511491174400000000000000
104168588228189261960411204800511316017175878381916157737207028202495557529655350578222308902930212551227441479139767424980129972003444141357530500034700573008195030657348344530921672332332236800000000000000
4007954782659226180170015973197318027685571503641985022876780222337149744992652696554391006014616189025118021313260147801841827906048540839503691748146123486081011528024298709240696356369918373062900264937995567891266942826828730489487177502327516013004592972791023828294936582184374422904521896516132414721640975470889324330302872503255774003200000000000000000000
46968510080629486606730806051005879520374167939191624731480196675348194200692652029509248876544000000000
1614964393448114095748493580856479948534112139502351330563752132487878993405649663033272675876075386066530365491966245716065930666277744610291324138325820867184972346681053914179453099605098493818984367317455353593932748910906041028510056502220680000782795382901914468136433180325360820306162393366469044879917003724193831255066220456770364239861506079878238827715801947383766976233687587225600000000000000000000000000
2181449702734983979802763491268950344015149276364800
884954726726812388484073110887123571796102110689238644826636020119652409459286385241235969261173599162132779154978384666933828558742446774914178501767319754304766082323633009671791612858484667596138245426294536489688652864973983598599436576078555139501201595159677315797273510121063553839716340120754972352023734757801658088852498078651048869772981685809315840000000000000000
4866805835138512575466663951333225791872278430046175595235547370123593949058953422062892359921638331053802441140302355959194126890207822348362860480378697182158387446907486976000000000000000000
701004565848736002180713412713119551150583210014545934162601624048842793647529725045143488820100528248678079970943526440472193786895318118023308139518086436677311175024362242385047599980801050672663065399792428572933199903032638566679862554292786505960604482223527021182234079710340640782363891883594203423154177044910318617704696015139010424125591079805342059308515328000000000000000
10534367380806615173686821663243093908334929039552417078020397334092724857557626185796404691175138066118560234611097781113262664781361594683569211400446894218146976519321467122636801676432531426056282821627799564577595396308621341693563775073111179341643570088754567308881333802567463626306415059922887639040000000000000000000000000000
542778319362981330607881000721279846713849617667044570100359884372644245459185663090359247244029294587071086986824816908106782325267731491970079390203081015782877585650970238739705495552000000000000000
20256928980877504887737996867283904892379754885209253592353856158152794993934928314639528242328267220304207962945335028976091080359387282346546296094377643967427271625344471508146076363339073791838284043746384053906809960314458332908883088837391829463168105961050885420321659545642501095737017992199862535738895595095565716797207347200000000000000000000
78255434025564047856939665903728036903140090105437007043360132844576563670774261118296455124072561344142029110515066763674958060880449746769501680413203671642134393420601582709265973369014451490878891755811417471005434154949887923468222002625219775977351518728143740797032438257090593790920877396413922580397005067697835364331814912000000000000000
5801660733078321992027977501426650145652435913822547765015071542872902418785297524055680789765243797112575751776570697690211205283797820007246141763230898323456000000000
142712527596834084940123016923663239320432638921043931525463549564352723725648542585339555080946512203925682138660077281302536033994677244722146305632677352731875222398609978818560000000000
60049061931875511888351308540632602387854549427672455542602293660031810154463846407681804475312340236789011870293533465771502083163397110193202816880520140709717918268326845248810844130318552461705199821177939202857553176023800295646088575306736739209982679720731301132863192824098253470775022288558378016414105600000000000000000000000
127275842058787279496573581536032126257385250706396040158487165767902123265112119699046400000
395619578241250971206016634418098047238169466372273627410922506694828613657837419970235754979282802671977678895256199230953410536621035898870991736599794699148955436578077620817008343714172020001160417031466915291242487557373533948364407758371325311805554725227409962951408002183699791734053301315079922160088223350358155738706122956076879844690836260681717707684103483031552000000000000000000000
21721892186344338270003373106277884045614667816363406018867142852130440029676968386002186571129937429540528661089922313007106588485648144582962452135009564207020235476982857951238965882104124601313619576424849606568461928580522580562698136855387391818717055044775883863367148958168100841382649331791006916167757252482533970025901730037760000000000000000000000000
243436840247981922818548473988965500348736302430148863155893651133122083153660001189272719147878175942738778898714096493180522458233038744145445304465505080214360397076461422059580738907086351259503613935476082440395725223950042947129673110544672768250781462691840000000000000
6373799051399848506558070022025465932606030114591895356767732543112676060819444946724645448799176853483651276160164774663120740762727219200000
22526603622678625965314880898563484858920705605991756969133915108343384401500841179962472898690532125492018054102205991299176076375464373541652341589750015338804545279668477653096754972703801967014006836955497057079576801796502113484800000000000000
126473910133756665988752659515177885024303346416697674653960556552010490692866595569632308114160899217862833926049697841219411314257031911984949305506680268858491185303138811061162389723212803959636969019639070720000000000
3298168330687418707838615105175188503597084463242908039342316681977401553146091619597465555829245530289769983623668472809234019840115553382626481178554308002481113091014656000000
16129302276953426034237614548944615923525596693489386965088560848518385651928384768272697535311160948467686755259700977015259136000000
362861337519083462660158325624283217816838840336728373816709418170167684480794795847830612906009916334855974536464204154097780530470398588745556158715312499134363135368365713651695637103415152796544008633124298053386012202132937279050681831073518701421675681331208975952640976878953705107626467000320000000000000000000
133585305923386858336651483448774176416077420325020055732600676789235227770261726673543462013327736468631809822506483947907668727867448572860362972856083731151281255308144287847328430423376134144000000000000000
1
